Test 1
0 0 0 0 0 0 0 0 0 0 0 0 
0 0 0 0 0 0 0 0 0 0 0 0 
FPGA 1
0 0 0 0 0 0 0 0 0 0 0 0 0 0 0 0 0 0 0 0 0 0 0 0 
FPGA 2
0 0 0 0 0 0 0 0 0 0 0 0 0 0 0 0 0 
FPGA 3
0 0 0 0 0 0 0 0 0 0 0 0 0 0 0 0 0 
FPGA 4
0 0 0 0 0 0 0 0 0 0 0 0 
Test 2
0 0 0 0 0 0 0 0 0 0 0 0 
0 0 0 0 0 0 0 0 0 0 0 0 
FPGA 1
0 0 0 0 0 0 0 0 0 0 0 0 0 0 0 0 0 0 0 0 0 0 0 0 
FPGA 2
0 0 0 0 0 0 0 0 0 0 0 0 0 0 0 0 0 
FPGA 3
0 0 0 0 0 0 0 0 0 0 0 0 0 0 0 0 0 
FPGA 4
0 0 0 0 0 0 0 0 0 0 0 0 
Test 3
0 0 0 0 0 0 0 0 0 0 0 0 
0 0 0 0 0 0 0 0 0 0 0 0 
FPGA 1
0 0 0 0 0 0 0 0 0 0 0 0 0 0 0 0 0 0 0 0 0 0 0 0 
FPGA 2
0 0 0 0 0 0 0 0 0 0 0 0 0 0 0 0 0 
FPGA 3
0 0 0 0 0 0 0 0 0 0 0 0 0 0 0 0 0 
FPGA 4
0 0 0 0 0 0 0 0 0 0 0 0 
Test 4
0 0 0 0 0 0 0 0 0 0 0 0 
0 0 0 0 0 0 0 0 0 0 0 0 
FPGA 1
0 0 0 0 0 0 0 0 0 0 0 0 0 0 0 0 0 0 0 0 0 0 0 0 
FPGA 2
0 0 0 0 0 0 0 0 0 0 0 0 0 0 0 0 0 
FPGA 3
0 0 0 0 0 0 0 0 0 0 0 0 0 0 0 0 0 
FPGA 4
0 0 0 0 0 0 0 0 0 0 0 0 
Test 5
0 0 0 0 0 0 0 0 0 0 0 0 
0 0 0 0 0 0 0 0 0 0 0 0 
FPGA 1
0 0 0 0 0 0 0 0 0 0 0 0 0 0 0 0 0 0 0 0 0 0 0 0 
FPGA 2
0 0 0 0 0 0 0 0 0 0 0 0 0 0 0 0 0 
FPGA 3
0 0 0 0 0 0 0 0 0 0 0 0 0 0 0 0 0 
FPGA 4
0 0 0 0 0 0 0 0 0 0 0 0 
Test 6
0 0 0 0 0 0 0 0 0 0 0 0 
0 0 0 0 0 0 0 0 0 0 0 0 
FPGA 1
0 0 0 0 0 0 0 0 0 0 0 0 0 0 0 0 0 0 0 0 0 0 0 0 
FPGA 2
0 0 0 0 0 0 0 0 0 0 0 0 0 0 0 0 0 
FPGA 3
0 0 0 0 0 0 0 0 0 0 0 0 0 0 0 0 0 
FPGA 4
0 0 0 0 0 0 0 0 0 0 0 0 
Test 7
0 0 0 0 0 0 0 0 0 0 0 0 
0 0 0 0 0 0 0 0 0 0 0 0 
FPGA 1
0 0 0 0 0 0 0 0 0 0 0 0 0 0 0 0 0 0 0 0 0 0 0 0 
FPGA 2
0 0 0 0 0 0 0 0 0 0 0 0 0 0 0 0 0 
FPGA 3
0 0 0 0 0 0 0 0 0 0 0 0 0 0 0 0 0 
FPGA 4
0 0 0 0 0 0 0 0 0 0 0 0 
Test 8
0 0 0 0 0 0 0 0 0 0 0 0 
0 0 0 0 0 0 0 0 0 0 0 0 
FPGA 1
0 0 0 0 0 0 0 0 0 0 0 0 0 0 0 0 0 0 0 0 0 0 0 0 
FPGA 2
0 0 0 0 0 0 0 0 0 0 0 0 0 0 0 0 0 
FPGA 3
0 0 0 0 0 0 0 0 0 0 0 0 0 0 0 0 0 
FPGA 4
0 0 0 0 0 0 0 0 0 0 0 0 
Test 9
0 0 0 0 0 0 0 0 0 0 0 0 
0 0 0 0 0 0 0 0 0 0 0 0 
FPGA 1
0 0 0 0 0 0 0 0 0 0 0 0 0 0 0 0 0 0 0 0 0 0 0 0 
FPGA 2
0 0 0 0 0 0 0 0 0 0 0 0 0 0 0 0 0 
FPGA 3
0 0 0 0 0 0 0 0 0 0 0 0 0 0 0 0 0 
FPGA 4
0 0 0 0 0 0 0 0 0 0 0 0 
Test 10
0 0 0 0 0 0 0 0 0 0 0 0 
0 0 0 0 0 0 0 0 0 0 0 0 
FPGA 1
0 0 0 0 0 0 0 0 0 0 0 0 0 0 0 0 0 0 0 0 0 0 0 0 
FPGA 2
0 0 0 0 0 0 0 0 0 0 0 0 0 0 0 0 0 
FPGA 3
0 0 0 0 0 0 0 0 0 0 0 0 0 0 0 0 0 
FPGA 4
0 0 0 0 0 0 0 0 0 0 0 0 
Test 11
0 0 0 0 0 0 0 0 0 0 0 0 
0 0 0 0 0 0 0 0 0 0 0 0 
FPGA 1
0 0 0 0 0 0 0 0 0 0 0 0 0 0 0 0 0 0 0 0 0 0 0 0 
FPGA 2
0 0 0 0 0 0 0 0 0 0 0 0 0 0 0 0 0 
FPGA 3
0 0 0 0 0 0 0 0 0 0 0 0 0 0 0 0 0 
FPGA 4
0 0 0 0 0 0 0 0 0 0 0 0 
Test 12
0 0 0 0 0 0 0 0 0 0 0 0 
0 0 0 0 0 0 0 0 0 0 0 0 
FPGA 1
0 0 0 0 0 0 0 0 0 0 0 0 0 0 0 0 0 0 0 0 0 0 0 0 
FPGA 2
0 0 0 0 0 0 0 0 0 0 0 0 0 0 0 0 0 
FPGA 3
0 0 0 0 0 0 0 0 0 0 0 0 0 0 0 0 0 
FPGA 4
0 0 0 0 0 0 0 0 0 0 0 0 
Test 13
0 0 0 0 0 0 0 0 0 0 0 0 
0 0 0 0 0 0 0 0 0 0 0 0 
FPGA 1
0 0 0 0 0 0 0 0 0 0 0 0 0 0 0 0 0 0 0 0 0 0 0 0 
FPGA 2
0 0 0 0 0 0 0 0 0 0 0 0 0 0 0 0 0 
FPGA 3
0 0 0 0 0 0 0 0 0 0 0 0 0 0 0 0 0 
FPGA 4
0 0 0 0 0 0 0 0 0 0 0 0 
Test 14
0 0 0 0 0 0 0 0 0 0 0 0 
0 0 0 0 0 0 0 0 0 0 0 0 
FPGA 1
0 0 0 0 0 0 0 0 0 0 0 0 0 0 0 0 0 0 0 0 0 0 0 0 
FPGA 2
0 0 0 0 0 0 0 0 0 0 0 0 0 0 0 0 0 
FPGA 3
0 0 0 0 0 0 0 0 0 0 0 0 0 0 0 0 0 
FPGA 4
0 0 0 0 0 0 0 0 0 0 0 0 
Test 15
0 0 0 0 0 0 0 0 0 0 0 0 
0 0 0 0 0 0 0 0 0 0 0 0 
FPGA 1
0 0 0 0 0 0 0 0 0 0 0 0 0 0 0 0 0 0 0 0 0 0 0 0 
FPGA 2
0 0 0 0 0 0 0 0 0 0 0 0 0 0 0 0 0 
FPGA 3
0 0 0 0 0 0 0 0 0 0 0 0 0 0 0 0 0 
FPGA 4
0 0 0 0 0 0 0 0 0 0 0 0 
Test 16
0 0 0 0 0 0 0 0 0 0 0 0 
0 0 0 0 0 0 0 0 0 0 0 0 
FPGA 1
0 0 0 0 0 0 0 0 0 0 0 0 0 0 0 0 0 0 0 0 0 0 0 0 
FPGA 2
0 0 0 0 0 0 0 0 0 0 0 0 0 0 0 0 0 
FPGA 3
0 0 0 0 0 0 0 0 0 0 0 0 0 0 0 0 0 
FPGA 4
0 0 0 0 0 0 0 0 0 0 0 0 
Test 17
0 0 0 0 0 0 0 0 0 0 0 0 
0 0 0 0 0 0 0 0 0 0 0 0 
FPGA 1
0 0 0 0 0 0 0 0 0 0 0 0 0 0 0 0 0 0 0 0 0 0 0 0 
FPGA 2
0 0 0 0 0 0 0 0 0 0 0 0 0 0 0 0 0 
FPGA 3
0 0 0 0 0 0 0 0 0 0 0 0 0 0 0 0 0 
FPGA 4
0 0 0 0 0 0 0 0 0 0 0 0 
Test 18
0 0 0 0 0 0 0 0 0 0 0 0 
0 0 0 0 0 0 0 0 0 0 0 0 
FPGA 1
0 0 0 0 0 0 0 0 0 0 0 0 0 0 0 0 0 0 0 0 0 0 0 0 
FPGA 2
0 0 0 0 0 0 0 0 0 0 0 0 0 0 0 0 0 
FPGA 3
0 0 0 0 0 0 0 0 0 0 0 0 0 0 0 0 0 
FPGA 4
0 0 0 0 0 0 0 0 0 0 0 0 
Test 19
0 0 0 0 0 0 0 0 0 0 0 0 
0 0 0 0 0 0 0 0 0 0 0 0 
FPGA 1
0 0 0 0 0 0 0 0 0 0 0 0 0 0 0 0 0 0 0 0 0 0 0 0 
FPGA 2
0 0 0 0 0 0 0 0 0 0 0 0 0 0 0 0 0 
FPGA 3
0 0 0 0 0 0 0 0 0 0 0 0 0 0 0 0 0 
FPGA 4
0 0 0 0 0 0 0 0 0 0 0 0 
Test 20
0 0 0 0 0 0 0 0 0 0 0 0 
0 0 0 0 0 0 0 0 0 0 0 0 
FPGA 1
0 0 0 0 0 0 0 0 0 0 0 0 0 0 0 0 0 0 0 0 0 0 0 0 
FPGA 2
0 0 0 0 0 0 0 0 0 0 0 0 0 0 0 0 0 
FPGA 3
0 0 0 0 0 0 0 0 0 0 0 0 0 0 0 0 0 
FPGA 4
0 0 0 0 0 0 0 0 0 0 0 0 
Test 21
0 0 0 0 0 0 0 0 0 0 0 0 
0 0 0 0 0 0 0 0 0 0 0 0 
FPGA 1
0 0 0 0 0 0 0 0 0 0 0 0 0 0 0 0 0 0 0 0 0 0 0 0 
FPGA 2
0 0 0 0 0 0 0 0 0 0 0 0 0 0 0 0 0 
FPGA 3
0 0 0 0 0 0 0 0 0 0 0 0 0 0 0 0 0 
FPGA 4
0 0 0 0 0 0 0 0 0 0 0 0 
Test 22
0 0 0 0 0 0 0 0 0 0 0 0 
0 0 0 0 0 0 0 0 0 0 0 0 
FPGA 1
0 0 0 0 0 0 0 0 0 0 0 0 0 0 0 0 0 0 0 0 0 0 0 0 
FPGA 2
0 0 0 0 0 0 0 0 0 0 0 0 0 0 0 0 0 
FPGA 3
0 0 0 0 0 0 0 0 0 0 0 0 0 0 0 0 0 
FPGA 4
0 0 0 0 0 0 0 0 0 0 0 0 
Test 23
0 0 0 0 0 0 0 0 0 0 0 0 
0 0 0 0 0 0 0 0 0 0 0 0 
FPGA 1
0 0 0 0 0 0 0 0 0 0 0 0 0 0 0 0 0 0 0 0 0 0 0 0 
FPGA 2
0 0 0 0 0 0 0 0 0 0 0 0 0 0 0 0 0 
FPGA 3
0 0 0 0 0 0 0 0 0 0 0 0 0 0 0 0 0 
FPGA 4
0 0 0 0 0 0 0 0 0 0 0 0 
Test 24
0 0 0 0 0 0 0 0 0 0 0 0 
0 0 0 0 0 0 0 0 0 0 0 0 
FPGA 1
0 0 0 0 0 0 0 0 0 0 0 0 0 0 0 0 0 0 0 0 0 0 0 0 
FPGA 2
0 0 0 0 0 0 0 0 0 0 0 0 0 0 0 0 0 
FPGA 3
0 0 0 0 0 0 0 0 0 0 0 0 0 0 0 0 0 
FPGA 4
0 0 0 0 0 0 0 0 0 0 0 0 
Test 25
0 0 0 0 0 0 0 0 0 0 0 0 
0 0 0 0 0 0 0 0 0 0 0 0 
FPGA 1
0 0 0 0 0 0 0 0 0 0 0 0 0 0 0 0 0 0 0 0 0 0 0 0 
FPGA 2
0 0 0 0 0 0 0 0 0 0 0 0 0 0 0 0 0 
FPGA 3
0 0 0 0 0 0 0 0 0 0 0 0 0 0 0 0 0 
FPGA 4
0 0 0 0 0 0 0 0 0 0 0 0 
Test 26
0 0 0 0 0 0 0 0 0 0 0 0 
0 0 0 0 0 0 0 0 0 0 0 0 
FPGA 1
0 0 0 0 0 0 0 0 0 0 0 0 0 0 0 0 0 0 0 0 0 0 0 0 
FPGA 2
0 0 0 0 0 0 0 0 0 0 0 0 0 0 0 0 0 
FPGA 3
0 0 0 0 0 0 0 0 0 0 0 0 0 0 0 0 0 
FPGA 4
0 0 0 0 0 0 0 0 0 0 0 0 
Test 27
0 0 0 0 0 0 0 0 0 0 0 0 
0 0 0 0 0 0 0 0 0 0 0 0 
FPGA 1
0 0 0 0 0 0 0 0 0 0 0 0 0 0 0 0 0 0 0 0 0 0 0 0 
FPGA 2
0 0 0 0 0 0 0 0 0 0 0 0 0 0 0 0 0 
FPGA 3
0 0 0 0 0 0 0 0 0 0 0 0 0 0 0 0 0 
FPGA 4
0 0 0 0 0 0 0 0 0 0 0 0 
Test 28
0 0 0 0 0 0 0 0 0 0 0 0 
0 0 0 0 0 0 0 0 0 0 0 0 
FPGA 1
0 0 0 0 0 0 0 0 0 0 0 0 0 0 0 0 0 0 0 0 0 0 0 0 
FPGA 2
0 0 0 0 0 0 0 0 0 0 0 0 0 0 0 0 0 
FPGA 3
0 0 0 0 0 0 0 0 0 0 0 0 0 0 0 0 0 
FPGA 4
0 0 0 0 0 0 0 0 0 0 0 0 
Test 29
0 0 0 0 0 0 0 0 0 0 0 0 
0 0 0 0 0 0 0 0 0 0 0 0 
FPGA 1
0 0 0 0 0 0 0 0 0 0 0 0 0 0 0 0 0 0 0 0 0 0 0 0 
FPGA 2
0 0 0 0 0 0 0 0 0 0 0 0 0 0 0 0 0 
FPGA 3
0 0 0 0 0 0 0 0 0 0 0 0 0 0 0 0 0 
FPGA 4
0 0 0 0 0 0 0 0 0 0 0 0 
Test 30
0 0 0 0 0 0 0 0 0 0 0 0 
0 0 0 0 0 0 0 0 0 0 0 0 
FPGA 1
0 0 0 0 0 0 0 0 0 0 0 0 0 0 0 0 0 0 0 0 0 0 0 0 
FPGA 2
0 0 0 0 0 0 0 0 0 0 0 0 0 0 0 0 0 
FPGA 3
0 0 0 0 0 0 0 0 0 0 0 0 0 0 0 0 0 
FPGA 4
0 0 0 0 0 0 0 0 0 0 0 0 
Test 31
0 0 0 0 0 0 0 0 0 0 0 0 
0 0 0 0 0 0 0 0 0 0 0 0 
FPGA 1
0 0 0 0 0 0 0 0 0 0 0 0 0 0 0 0 0 0 0 0 0 0 0 0 
FPGA 2
0 0 0 0 0 0 0 0 0 0 0 0 0 0 0 0 0 
FPGA 3
0 0 0 0 0 0 0 0 0 0 0 0 0 0 0 0 0 
FPGA 4
0 0 0 0 0 0 0 0 0 0 0 0 
Test 32
0 0 0 0 0 0 0 0 0 0 0 0 
0 0 0 0 0 0 0 0 0 0 0 0 
FPGA 1
0 0 0 0 0 0 0 0 0 0 0 0 0 0 0 0 0 0 0 0 0 0 0 0 
FPGA 2
0 0 0 0 0 0 0 0 0 0 0 0 0 0 0 0 0 
FPGA 3
0 0 0 0 0 0 0 0 0 0 0 0 0 0 0 0 0 
FPGA 4
0 0 0 0 0 0 0 0 0 0 0 0 
Test 33
0 0 0 0 0 0 0 0 0 0 0 0 
0 0 0 0 0 0 0 0 0 0 0 0 
FPGA 1
0 0 0 0 0 0 0 0 0 0 0 0 0 0 0 0 0 0 0 0 0 0 0 0 
FPGA 2
0 0 0 0 0 0 0 0 0 0 0 0 0 0 0 0 0 
FPGA 3
0 0 0 0 0 0 0 0 0 0 0 0 0 0 0 0 0 
FPGA 4
0 0 0 0 0 0 0 0 0 0 0 0 
Test 34
0 0 0 0 0 0 0 0 0 0 0 0 
0 0 0 0 0 0 0 0 0 0 0 0 
FPGA 1
0 0 0 0 0 0 0 0 0 0 0 0 0 0 0 0 0 0 0 0 0 0 0 0 
FPGA 2
0 0 0 0 0 0 0 0 0 0 0 0 0 0 0 0 0 
FPGA 3
0 0 0 0 0 0 0 0 0 0 0 0 0 0 0 0 0 
FPGA 4
0 0 0 0 0 0 0 0 0 0 0 0 
Test 35
0 0 0 0 0 0 0 0 0 0 0 0 
0 0 0 0 0 0 0 0 0 0 0 0 
FPGA 1
0 0 0 0 0 0 0 0 0 0 0 0 0 0 0 0 0 0 0 0 0 0 0 0 
FPGA 2
0 0 0 0 0 0 0 0 0 0 0 0 0 0 0 0 0 
FPGA 3
0 0 0 0 0 0 0 0 0 0 0 0 0 0 0 0 0 
FPGA 4
0 0 0 0 0 0 0 0 0 0 0 0 
Test 36
0 0 0 0 0 0 0 0 0 0 0 0 
0 0 0 0 0 0 0 0 0 0 0 0 
FPGA 1
0 0 0 0 0 0 0 0 0 0 0 0 0 0 0 0 0 0 0 0 0 0 0 0 
FPGA 2
0 0 0 0 0 0 0 0 0 0 0 0 0 0 0 0 0 
FPGA 3
0 0 0 0 0 0 0 0 0 0 0 0 0 0 0 0 0 
FPGA 4
0 0 0 0 0 0 0 0 0 0 0 0 
Test 37
0 0 0 0 0 0 0 0 0 0 0 0 
0 0 0 0 0 0 0 0 0 0 0 0 
FPGA 1
0 0 0 0 0 0 0 0 0 0 0 0 0 0 0 0 0 0 0 0 0 0 0 0 
FPGA 2
0 0 0 0 0 0 0 0 0 0 0 0 0 0 0 0 0 
FPGA 3
0 0 0 0 0 0 0 0 0 0 0 0 0 0 0 0 0 
FPGA 4
0 0 0 0 0 0 0 0 0 0 0 0 
Test 38
0 0 0 0 0 0 0 0 0 0 0 0 
0 0 0 0 0 0 0 0 0 0 0 0 
FPGA 1
0 0 0 0 0 0 0 0 0 0 0 0 0 0 0 0 0 0 0 0 0 0 0 0 
FPGA 2
0 0 0 0 0 0 0 0 0 0 0 0 0 0 0 0 0 
FPGA 3
0 0 0 0 0 0 0 0 0 0 0 0 0 0 0 0 0 
FPGA 4
0 0 0 0 0 0 0 0 0 0 0 0 
Test 39
0 0 0 0 0 0 0 0 0 0 0 0 
0 0 0 0 0 0 0 0 0 0 0 0 
FPGA 1
0 0 0 0 0 0 0 0 0 0 0 0 0 0 0 0 0 0 0 0 0 0 0 0 
FPGA 2
0 0 0 0 0 0 0 0 0 0 0 0 0 0 0 0 0 
FPGA 3
0 0 0 0 0 0 0 0 0 0 0 0 0 0 0 0 0 
FPGA 4
0 0 0 0 0 0 0 0 0 0 0 0 
Test 40
0 0 0 0 0 0 0 0 0 0 0 0 
0 0 0 0 0 0 0 0 0 0 0 0 
FPGA 1
0 0 0 0 0 0 0 0 0 0 0 0 0 0 0 0 0 0 0 0 0 0 0 0 
FPGA 2
0 0 0 0 0 0 0 0 0 0 0 0 0 0 0 0 0 
FPGA 3
0 0 0 0 0 0 0 0 0 0 0 0 0 0 0 0 0 
FPGA 4
0 0 0 0 0 0 0 0 0 0 0 0 
Test 41
0 0 0 0 0 0 0 0 0 0 0 0 
0 0 0 0 0 0 0 0 0 0 0 0 
FPGA 1
0 0 0 0 0 0 0 0 0 0 0 0 0 0 0 0 0 0 0 0 0 0 0 0 
FPGA 2
0 0 0 0 0 0 0 0 0 0 0 0 0 0 0 0 0 
FPGA 3
0 0 0 0 0 0 0 0 0 0 0 0 0 0 0 0 0 
FPGA 4
0 0 0 0 0 0 0 0 0 0 0 0 
Test 42
0 0 0 0 0 0 0 0 0 0 0 0 
0 0 0 0 0 0 0 0 0 0 0 0 
FPGA 1
0 0 0 0 0 0 0 0 0 0 0 0 0 0 0 0 0 0 0 0 0 0 0 0 
FPGA 2
0 0 0 0 0 0 0 0 0 0 0 0 0 0 0 0 0 
FPGA 3
0 0 0 0 0 0 0 0 0 0 0 0 0 0 0 0 0 
FPGA 4
0 0 0 0 0 0 0 0 0 0 0 0 
Test 43
0 0 0 0 0 0 0 0 0 0 0 0 
0 0 0 0 0 0 0 0 0 0 0 0 
FPGA 1
0 0 0 0 0 0 0 0 0 0 0 0 0 0 0 0 0 0 0 0 0 0 0 0 
FPGA 2
0 0 0 0 0 0 0 0 0 0 0 0 0 0 0 0 0 
FPGA 3
0 0 0 0 0 0 0 0 0 0 0 0 0 0 0 0 0 
FPGA 4
0 0 0 0 0 0 0 0 0 0 0 0 
Test 44
0 0 0 0 0 0 0 0 0 0 0 0 
0 0 0 0 0 0 0 0 0 0 0 0 
FPGA 1
0 0 0 0 0 0 0 0 0 0 0 0 0 0 0 0 0 0 0 0 0 0 0 0 
FPGA 2
0 0 0 0 0 0 0 0 0 0 0 0 0 0 0 0 0 
FPGA 3
0 0 0 0 0 0 0 0 0 0 0 0 0 0 0 0 0 
FPGA 4
0 0 0 0 0 0 0 0 0 0 0 0 
Test 45
0 0 0 0 0 0 0 0 0 0 0 0 
0 0 0 0 0 0 0 0 0 0 0 0 
FPGA 1
0 0 0 0 0 0 0 0 0 0 0 0 0 0 0 0 0 0 0 0 0 0 0 0 
FPGA 2
0 0 0 0 0 0 0 0 0 0 0 0 0 0 0 0 0 
FPGA 3
0 0 0 0 0 0 0 0 0 0 0 0 0 0 0 0 0 
FPGA 4
0 0 0 0 0 0 0 0 0 0 0 0 
Test 46
0 0 0 0 0 0 0 0 0 0 0 0 
0 0 0 0 0 0 0 0 0 0 0 0 
FPGA 1
0 0 0 0 0 0 0 0 0 0 0 0 0 0 0 0 0 0 0 0 0 0 0 0 
FPGA 2
0 0 0 0 0 0 0 0 0 0 0 0 0 0 0 0 0 
FPGA 3
0 0 0 0 0 0 0 0 0 0 0 0 0 0 0 0 0 
FPGA 4
0 0 0 0 0 0 0 0 0 0 0 0 
Test 47
0 0 0 0 0 0 0 0 0 0 0 0 
0 0 0 0 0 0 0 0 0 0 0 0 
FPGA 1
0 0 0 0 0 0 0 0 0 0 0 0 0 0 0 0 0 0 0 0 0 0 0 0 
FPGA 2
0 0 0 0 0 0 0 0 0 0 0 0 0 0 0 0 0 
FPGA 3
0 0 0 0 0 0 0 0 0 0 0 0 0 0 0 0 0 
FPGA 4
0 0 0 0 0 0 0 0 0 0 0 0 
Test 48
0 0 0 0 0 0 0 0 0 0 0 0 
0 0 0 0 0 0 0 0 0 0 0 0 
FPGA 1
0 0 0 0 0 0 0 0 0 0 0 0 0 0 0 0 0 0 0 0 0 0 0 0 
FPGA 2
0 0 0 0 0 0 0 0 0 0 0 0 0 0 0 0 0 
FPGA 3
0 0 0 0 0 0 0 0 0 0 0 0 0 0 0 0 0 
FPGA 4
0 0 0 0 0 0 0 0 0 0 0 0 
Test 49
0 0 0 0 0 0 0 0 0 0 0 0 
0 0 0 0 0 0 0 0 0 0 0 0 
FPGA 1
0 0 0 0 0 0 0 0 0 0 0 0 0 0 0 0 0 0 0 0 0 0 0 0 
FPGA 2
0 0 0 0 0 0 0 0 0 0 0 0 0 0 0 0 0 
FPGA 3
0 0 0 0 0 0 0 0 0 0 0 0 0 0 0 0 0 
FPGA 4
0 0 0 0 0 0 0 0 0 0 0 0 
Test 50
0 0 0 0 0 0 0 0 0 0 0 0 
0 0 0 0 0 0 0 0 0 0 0 0 
FPGA 1
0 0 0 0 0 0 0 0 0 0 0 0 0 0 0 0 0 0 0 0 0 0 0 0 
FPGA 2
0 0 0 0 0 0 0 0 0 0 0 0 0 0 0 0 0 
FPGA 3
0 0 0 0 0 0 0 0 0 0 0 0 0 0 0 0 0 
FPGA 4
0 0 0 0 0 0 0 0 0 0 0 0 
Test 51
0 0 0 0 0 0 0 0 0 0 0 0 
0 0 0 0 0 0 0 0 0 0 0 0 
FPGA 1
0 0 0 0 0 0 0 0 0 0 0 0 0 0 0 0 0 0 0 0 0 0 0 0 
FPGA 2
0 0 0 0 0 0 0 0 0 0 0 0 0 0 0 0 0 
FPGA 3
0 0 0 0 0 0 0 0 0 0 0 0 0 0 0 0 0 
FPGA 4
0 0 0 0 0 0 0 0 0 0 0 0 
Test 52
0 0 0 0 0 0 0 0 0 0 0 0 
0 0 0 0 0 0 0 0 0 0 0 0 
FPGA 1
0 0 0 0 0 0 0 0 0 0 0 0 0 0 0 0 0 0 0 0 0 0 0 0 
FPGA 2
0 0 0 0 0 0 0 0 0 0 0 0 0 0 0 0 0 
FPGA 3
0 0 0 0 0 0 0 0 0 0 0 0 0 0 0 0 0 
FPGA 4
0 0 0 0 0 0 0 0 0 0 0 0 
Test 53
0 0 0 0 0 0 0 0 0 0 0 0 
0 0 0 0 0 0 0 0 0 0 0 0 
FPGA 1
0 0 0 0 0 0 0 0 0 0 0 0 0 0 0 0 0 0 0 0 0 0 0 0 
FPGA 2
0 0 0 0 0 0 0 0 0 0 0 0 0 0 0 0 0 
FPGA 3
0 0 0 0 0 0 0 0 0 0 0 0 0 0 0 0 0 
FPGA 4
0 0 0 0 0 0 0 0 0 0 0 0 
Test 54
0 0 0 0 0 0 0 0 0 0 0 0 
0 0 0 0 0 0 0 0 0 0 0 0 
FPGA 1
0 0 0 0 0 0 0 0 0 0 0 0 0 0 0 0 0 0 0 0 0 0 0 0 
FPGA 2
0 0 0 0 0 0 0 0 0 0 0 0 0 0 0 0 0 
FPGA 3
0 0 0 0 0 0 0 0 0 0 0 0 0 0 0 0 0 
FPGA 4
0 0 0 0 0 0 0 0 0 0 0 0 
Test 55
0 0 0 0 0 0 0 0 0 0 0 0 
0 0 0 0 0 0 0 0 0 0 0 0 
FPGA 1
0 0 0 0 0 0 0 0 0 0 0 0 0 0 0 0 0 0 0 0 0 0 0 0 
FPGA 2
0 0 0 0 0 0 0 0 0 0 0 0 0 0 0 0 0 
FPGA 3
0 0 0 0 0 0 0 0 0 0 0 0 0 0 0 0 0 
FPGA 4
0 0 0 0 0 0 0 0 0 0 0 0 
Test 56
0 0 0 0 0 0 0 0 0 0 0 0 
0 0 0 0 0 0 0 0 0 0 0 0 
FPGA 1
0 0 0 0 0 0 0 0 0 0 0 0 0 0 0 0 0 0 0 0 0 0 0 0 
FPGA 2
0 0 0 0 0 0 0 0 0 0 0 0 0 0 0 0 0 
FPGA 3
0 0 0 0 0 0 0 0 0 0 0 0 0 0 0 0 0 
FPGA 4
0 0 0 0 0 0 0 0 0 0 0 0 
Test 57
0 0 0 0 0 0 0 0 0 0 0 0 
0 0 0 0 0 0 0 0 0 0 0 0 
FPGA 1
0 0 0 0 0 0 0 0 0 0 0 0 0 0 0 0 0 0 0 0 0 0 0 0 
FPGA 2
0 0 0 0 0 0 0 0 0 0 0 0 0 0 0 0 0 
FPGA 3
0 0 0 0 0 0 0 0 0 0 0 0 0 0 0 0 0 
FPGA 4
0 0 0 0 0 0 0 0 0 0 0 0 
Test 58
0 0 0 0 0 0 0 0 0 0 0 0 
0 0 0 0 0 0 0 0 0 0 0 0 
FPGA 1
0 0 0 0 0 0 0 0 0 0 0 0 0 0 0 0 0 0 0 0 0 0 0 0 
FPGA 2
0 0 0 0 0 0 0 0 0 0 0 0 0 0 0 0 0 
FPGA 3
0 0 0 0 0 0 0 0 0 0 0 0 0 0 0 0 0 
FPGA 4
0 0 0 0 0 0 0 0 0 0 0 0 
Test 59
0 0 0 0 0 0 0 0 0 0 0 0 
0 0 0 0 0 0 0 0 0 0 0 0 
FPGA 1
0 0 0 0 0 0 0 0 0 0 0 0 0 0 0 0 0 0 0 0 0 0 0 0 
FPGA 2
0 0 0 0 0 0 0 0 0 0 0 0 0 0 0 0 0 
FPGA 3
0 0 0 0 0 0 0 0 0 0 0 0 0 0 0 0 0 
FPGA 4
0 0 0 0 0 0 0 0 0 0 0 0 
Test 60
0 0 0 0 0 0 0 0 0 0 0 0 
0 0 0 0 0 0 0 0 0 0 0 0 
FPGA 1
0 0 0 0 0 0 0 0 0 0 0 0 0 0 0 0 0 0 0 0 0 0 0 0 
FPGA 2
0 0 0 0 0 0 0 0 0 0 0 0 0 0 0 0 0 
FPGA 3
0 0 0 0 0 0 0 0 0 0 0 0 0 0 0 0 0 
FPGA 4
0 0 0 0 0 0 0 0 0 0 0 0 
Test 61
0 0 0 0 0 0 0 0 0 0 0 0 
0 0 0 0 0 0 0 0 0 0 0 0 
FPGA 1
0 0 0 0 0 0 0 0 0 0 0 0 0 0 0 0 0 0 0 0 0 0 0 0 
FPGA 2
0 0 0 0 0 0 0 0 0 0 0 0 0 0 0 0 0 
FPGA 3
0 0 0 0 0 0 0 0 0 0 0 0 0 0 0 0 0 
FPGA 4
0 0 0 0 0 0 0 0 0 0 0 0 
Test 62
0 0 0 0 0 0 0 0 0 0 0 0 
0 0 0 0 0 0 0 0 0 0 0 0 
FPGA 1
0 0 0 0 0 0 0 0 0 0 0 0 0 0 0 0 0 0 0 0 0 0 0 0 
FPGA 2
0 0 0 0 0 0 0 0 0 0 0 0 0 0 0 0 0 
FPGA 3
0 0 0 0 0 0 0 0 0 0 0 0 0 0 0 0 0 
FPGA 4
0 0 0 0 0 0 0 0 0 0 0 0 
Test 63
0 0 0 0 0 0 0 0 0 0 0 0 
0 0 0 0 0 0 0 0 0 0 0 0 
FPGA 1
0 0 0 0 0 0 0 0 0 0 0 0 0 0 0 0 0 0 0 0 0 0 0 0 
FPGA 2
0 0 0 0 0 0 0 0 0 0 0 0 0 0 0 0 0 
FPGA 3
0 0 0 0 0 0 0 0 0 0 0 0 0 0 0 0 0 
FPGA 4
0 0 0 0 0 0 0 0 0 0 0 0 
Test 64
0 0 0 0 0 0 0 0 0 0 0 0 
0 0 0 0 0 0 0 0 0 0 0 0 
FPGA 1
0 0 0 0 0 0 0 0 0 0 0 0 0 0 0 0 0 0 0 0 0 0 0 0 
FPGA 2
0 0 0 0 0 0 0 0 0 0 0 0 0 0 0 0 0 
FPGA 3
0 0 0 0 0 0 0 0 0 0 0 0 0 0 0 0 0 
FPGA 4
0 0 0 0 0 0 0 0 0 0 0 0 
Test 65
0 0 0 0 0 0 0 0 0 0 0 0 
0 0 0 0 0 0 0 0 0 0 0 0 
FPGA 1
0 0 0 0 0 0 0 0 0 0 0 0 0 0 0 0 0 0 0 0 0 0 0 0 
FPGA 2
0 0 0 0 0 0 0 0 0 0 0 0 0 0 0 0 0 
FPGA 3
0 0 0 0 0 0 0 0 0 0 0 0 0 0 0 0 0 
FPGA 4
0 0 0 0 0 0 0 0 0 0 0 0 
Test 66
0 0 0 0 0 0 0 0 0 0 0 0 
0 0 0 0 0 0 0 0 0 0 0 0 
FPGA 1
0 0 0 0 0 0 0 0 0 0 0 0 0 0 0 0 0 0 0 0 0 0 0 0 
FPGA 2
0 0 0 0 0 0 0 0 0 0 0 0 0 0 0 0 0 
FPGA 3
0 0 0 0 0 0 0 0 0 0 0 0 0 0 0 0 0 
FPGA 4
0 0 0 0 0 0 0 0 0 0 0 0 
Test 67
0 0 0 0 0 0 0 0 0 0 0 0 
0 0 0 0 0 0 0 0 0 0 0 0 
FPGA 1
0 0 0 0 0 0 0 0 0 0 0 0 0 0 0 0 0 0 0 0 0 0 0 0 
FPGA 2
0 0 0 0 0 0 0 0 0 0 0 0 0 0 0 0 0 
FPGA 3
0 0 0 0 0 0 0 0 0 0 0 0 0 0 0 0 0 
FPGA 4
0 0 0 0 0 0 0 0 0 0 0 0 
Test 68
0 0 0 0 0 0 0 0 0 0 0 0 
0 0 0 0 0 0 0 0 0 0 0 0 
FPGA 1
0 0 0 0 0 0 0 0 0 0 0 0 0 0 0 0 0 0 0 0 0 0 0 0 
FPGA 2
0 0 0 0 0 0 0 0 0 0 0 0 0 0 0 0 0 
FPGA 3
0 0 0 0 0 0 0 0 0 0 0 0 0 0 0 0 0 
FPGA 4
0 0 0 0 0 0 0 0 0 0 0 0 
Test 69
0 0 0 0 0 0 0 0 0 0 0 0 
0 0 0 0 0 0 0 0 0 0 0 0 
FPGA 1
0 0 0 0 0 0 0 0 0 0 0 0 0 0 0 0 0 0 0 0 0 0 0 0 
FPGA 2
0 0 0 0 0 0 0 0 0 0 0 0 0 0 0 0 0 
FPGA 3
0 0 0 0 0 0 0 0 0 0 0 0 0 0 0 0 0 
FPGA 4
0 0 0 0 0 0 0 0 0 0 0 0 
Test 70
0 0 0 0 0 0 0 0 0 0 0 0 
0 0 0 0 0 0 0 0 0 0 0 0 
FPGA 1
0 0 0 0 0 0 0 0 0 0 0 0 0 0 0 0 0 0 0 0 0 0 0 0 
FPGA 2
0 0 0 0 0 0 0 0 0 0 0 0 0 0 0 0 0 
FPGA 3
0 0 0 0 0 0 0 0 0 0 0 0 0 0 0 0 0 
FPGA 4
0 0 0 0 0 0 0 0 0 0 0 0 
Test 71
0 0 0 0 0 0 0 0 0 0 0 0 
0 0 0 0 0 0 0 0 0 0 0 0 
FPGA 1
0 0 0 0 0 0 0 0 0 0 0 0 0 0 0 0 0 0 0 0 0 0 0 0 
FPGA 2
0 0 0 0 0 0 0 0 0 0 0 0 0 0 0 0 0 
FPGA 3
0 0 0 0 0 0 0 0 0 0 0 0 0 0 0 0 0 
FPGA 4
0 0 0 0 0 0 0 0 0 0 0 0 
Test 72
0 0 0 0 0 0 0 0 0 0 0 0 
0 0 0 0 0 0 0 0 0 0 0 0 
FPGA 1
0 0 0 0 0 0 0 0 0 0 0 0 0 0 0 0 0 0 0 0 0 0 0 0 
FPGA 2
0 0 0 0 0 0 0 0 0 0 0 0 0 0 0 0 0 
FPGA 3
0 0 0 0 0 0 0 0 0 0 0 0 0 0 0 0 0 
FPGA 4
0 0 0 0 0 0 0 0 0 0 0 0 
Test 73
0 0 0 0 0 0 0 0 0 0 0 0 
0 0 0 0 0 0 0 0 0 0 0 0 
FPGA 1
0 0 0 0 0 0 0 0 0 0 0 0 0 0 0 0 0 0 0 0 0 0 0 0 
FPGA 2
0 0 0 0 0 0 0 0 0 0 0 0 0 0 0 0 0 
FPGA 3
0 0 0 0 0 0 0 0 0 0 0 0 0 0 0 0 0 
FPGA 4
0 0 0 0 0 0 0 0 0 0 0 0 
Test 74
0 0 0 0 0 0 0 0 0 0 0 0 
0 0 0 0 0 0 0 0 0 0 0 0 
FPGA 1
0 0 0 0 0 0 0 0 0 0 0 0 0 0 0 0 0 0 0 0 0 0 0 0 
FPGA 2
0 0 0 0 0 0 0 0 0 0 0 0 0 0 0 0 0 
FPGA 3
0 0 0 0 0 0 0 0 0 0 0 0 0 0 0 0 0 
FPGA 4
0 0 0 0 0 0 0 0 0 0 0 0 
Test 75
0 0 0 0 0 0 0 0 0 0 0 0 
0 0 0 0 0 0 0 0 0 0 0 0 
FPGA 1
0 0 0 0 0 0 0 0 0 0 0 0 0 0 0 0 0 0 0 0 0 0 0 0 
FPGA 2
0 0 0 0 0 0 0 0 0 0 0 0 0 0 0 0 0 
FPGA 3
0 0 0 0 0 0 0 0 0 0 0 0 0 0 0 0 0 
FPGA 4
0 0 0 0 0 0 0 0 0 0 0 0 
Test 76
0 0 0 0 0 0 0 0 0 0 0 0 
0 0 0 0 0 0 0 0 0 0 0 0 
FPGA 1
0 0 0 0 0 0 0 0 0 0 0 0 0 0 0 0 0 0 0 0 0 0 0 0 
FPGA 2
0 0 0 0 0 0 0 0 0 0 0 0 0 0 0 0 0 
FPGA 3
0 0 0 0 0 0 0 0 0 0 0 0 0 0 0 0 0 
FPGA 4
0 0 0 0 0 0 0 0 0 0 0 0 
Test 77
0 0 0 0 0 0 0 0 0 0 0 0 
0 0 0 0 0 0 0 0 0 0 0 0 
FPGA 1
0 0 0 0 0 0 0 0 0 0 0 0 0 0 0 0 0 0 0 0 0 0 0 0 
FPGA 2
0 0 0 0 0 0 0 0 0 0 0 0 0 0 0 0 0 
FPGA 3
0 0 0 0 0 0 0 0 0 0 0 0 0 0 0 0 0 
FPGA 4
0 0 0 0 0 0 0 0 0 0 0 0 
Test 78
0 0 0 0 0 0 0 0 0 0 0 0 
0 0 0 0 0 0 0 0 0 0 0 0 
FPGA 1
0 0 0 0 0 0 0 0 0 0 0 0 0 0 0 0 0 0 0 0 0 0 0 0 
FPGA 2
0 0 0 0 0 0 0 0 0 0 0 0 0 0 0 0 0 
FPGA 3
0 0 0 0 0 0 0 0 0 0 0 0 0 0 0 0 0 
FPGA 4
0 0 0 0 0 0 0 0 0 0 0 0 
Test 79
0 0 0 0 0 0 0 0 0 0 0 0 
0 0 0 0 0 0 0 0 0 0 0 0 
FPGA 1
0 0 0 0 0 0 0 0 0 0 0 0 0 0 0 0 0 0 0 0 0 0 0 0 
FPGA 2
0 0 0 0 0 0 0 0 0 0 0 0 0 0 0 0 0 
FPGA 3
0 0 0 0 0 0 0 0 0 0 0 0 0 0 0 0 0 
FPGA 4
0 0 0 0 0 0 0 0 0 0 0 0 
Test 80
0 0 0 0 0 0 0 0 0 0 0 0 
0 0 0 0 0 0 0 0 0 0 0 0 
FPGA 1
0 0 0 0 0 0 0 0 0 0 0 0 0 0 0 0 0 0 0 0 0 0 0 0 
FPGA 2
0 0 0 0 0 0 0 0 0 0 0 0 0 0 0 0 0 
FPGA 3
0 0 0 0 0 0 0 0 0 0 0 0 0 0 0 0 0 
FPGA 4
0 0 0 0 0 0 0 0 0 0 0 0 
Test 81
0 0 0 0 0 0 0 0 0 0 0 0 
0 0 0 0 0 0 0 0 0 0 0 0 
FPGA 1
0 0 0 0 0 0 0 0 0 0 0 0 0 0 0 0 0 0 0 0 0 0 0 0 
FPGA 2
0 0 0 0 0 0 0 0 0 0 0 0 0 0 0 0 0 
FPGA 3
0 0 0 0 0 0 0 0 0 0 0 0 0 0 0 0 0 
FPGA 4
0 0 0 0 0 0 0 0 0 0 0 0 
Test 82
0 0 0 0 0 0 0 0 0 0 0 0 
0 0 0 0 0 0 0 0 0 0 0 0 
FPGA 1
0 0 0 0 0 0 0 0 0 0 0 0 0 0 0 0 0 0 0 0 0 0 0 0 
FPGA 2
0 0 0 0 0 0 0 0 0 0 0 0 0 0 0 0 0 
FPGA 3
0 0 0 0 0 0 0 0 0 0 0 0 0 0 0 0 0 
FPGA 4
0 0 0 0 0 0 0 0 0 0 0 0 
Test 83
0 0 0 0 0 0 0 0 0 0 0 0 
0 0 0 0 0 0 0 0 0 0 0 0 
FPGA 1
0 0 0 0 0 0 0 0 0 0 0 0 0 0 0 0 0 0 0 0 0 0 0 0 
FPGA 2
0 0 0 0 0 0 0 0 0 0 0 0 0 0 0 0 0 
FPGA 3
0 0 0 0 0 0 0 0 0 0 0 0 0 0 0 0 0 
FPGA 4
0 0 0 0 0 0 0 0 0 0 0 0 
Test 84
0 0 0 0 0 0 0 0 0 0 0 0 
0 0 0 0 0 0 0 0 0 0 0 0 
FPGA 1
0 0 0 0 0 0 0 0 0 0 0 0 0 0 0 0 0 0 0 0 0 0 0 0 
FPGA 2
0 0 0 0 0 0 0 0 0 0 0 0 0 0 0 0 0 
FPGA 3
0 0 0 0 0 0 0 0 0 0 0 0 0 0 0 0 0 
FPGA 4
0 0 0 0 0 0 0 0 0 0 0 0 
Test 85
0 0 0 0 0 0 0 0 0 0 0 0 
0 0 0 0 0 0 0 0 0 0 0 0 
FPGA 1
0 0 0 0 0 0 0 0 0 0 0 0 0 0 0 0 0 0 0 0 0 0 0 0 
FPGA 2
0 0 0 0 0 0 0 0 0 0 0 0 0 0 0 0 0 
FPGA 3
0 0 0 0 0 0 0 0 0 0 0 0 0 0 0 0 0 
FPGA 4
0 0 0 0 0 0 0 0 0 0 0 0 
Test 86
0 0 0 0 0 0 0 0 0 0 0 0 
0 0 0 0 0 0 0 0 0 0 0 0 
FPGA 1
0 0 0 0 0 0 0 0 0 0 0 0 0 0 0 0 0 0 0 0 0 0 0 0 
FPGA 2
0 0 0 0 0 0 0 0 0 0 0 0 0 0 0 0 0 
FPGA 3
0 0 0 0 0 0 0 0 0 0 0 0 0 0 0 0 0 
FPGA 4
0 0 0 0 0 0 0 0 0 0 0 0 
Test 87
0 0 0 0 0 0 0 0 0 0 0 0 
0 0 0 0 0 0 0 0 0 0 0 0 
FPGA 1
0 0 0 0 0 0 0 0 0 0 0 0 0 0 0 0 0 0 0 0 0 0 0 0 
FPGA 2
0 0 0 0 0 0 0 0 0 0 0 0 0 0 0 0 0 
FPGA 3
0 0 0 0 0 0 0 0 0 0 0 0 0 0 0 0 0 
FPGA 4
0 0 0 0 0 0 0 0 0 0 0 0 
Test 88
0 0 0 0 0 0 0 0 0 0 0 0 
0 0 0 0 0 0 0 0 0 0 0 0 
FPGA 1
0 0 0 0 0 0 0 0 0 0 0 0 0 0 0 0 0 0 0 0 0 0 0 0 
FPGA 2
0 0 0 0 0 0 0 0 0 0 0 0 0 0 0 0 0 
FPGA 3
0 0 0 0 0 0 0 0 0 0 0 0 0 0 0 0 0 
FPGA 4
0 0 0 0 0 0 0 0 0 0 0 0 
Test 89
0 0 0 0 0 0 0 0 0 0 0 0 
0 0 0 0 0 0 0 0 0 0 0 0 
FPGA 1
0 0 0 0 0 0 0 0 0 0 0 0 0 0 0 0 0 0 0 0 0 0 0 0 
FPGA 2
0 0 0 0 0 0 0 0 0 0 0 0 0 0 0 0 0 
FPGA 3
0 0 0 0 0 0 0 0 0 0 0 0 0 0 0 0 0 
FPGA 4
0 0 0 0 0 0 0 0 0 0 0 0 
Test 90
0 0 0 0 0 0 0 0 0 0 0 0 
0 0 0 0 0 0 0 0 0 0 0 0 
FPGA 1
0 0 0 0 0 0 0 0 0 0 0 0 0 0 0 0 0 0 0 0 0 0 0 0 
FPGA 2
0 0 0 0 0 0 0 0 0 0 0 0 0 0 0 0 0 
FPGA 3
0 0 0 0 0 0 0 0 0 0 0 0 0 0 0 0 0 
FPGA 4
0 0 0 0 0 0 0 0 0 0 0 0 
Test 91
0 0 0 0 0 0 0 0 0 0 0 0 
0 0 0 0 0 0 0 0 0 0 0 0 
FPGA 1
0 0 0 0 0 0 0 0 0 0 0 0 0 0 0 0 0 0 0 0 0 0 0 0 
FPGA 2
0 0 0 0 0 0 0 0 0 0 0 0 0 0 0 0 0 
FPGA 3
0 0 0 0 0 0 0 0 0 0 0 0 0 0 0 0 0 
FPGA 4
0 0 0 0 0 0 0 0 0 0 0 0 
Test 92
0 0 0 0 0 0 0 0 0 0 0 0 
0 0 0 0 0 0 0 0 0 0 0 0 
FPGA 1
0 0 0 0 0 0 0 0 0 0 0 0 0 0 0 0 0 0 0 0 0 0 0 0 
FPGA 2
0 0 0 0 0 0 0 0 0 0 0 0 0 0 0 0 0 
FPGA 3
0 0 0 0 0 0 0 0 0 0 0 0 0 0 0 0 0 
FPGA 4
0 0 0 0 0 0 0 0 0 0 0 0 
Test 93
0 0 0 0 0 0 0 0 0 0 0 0 
0 0 0 0 0 0 0 0 0 0 0 0 
FPGA 1
0 0 0 0 0 0 0 0 0 0 0 0 0 0 0 0 0 0 0 0 0 0 0 0 
FPGA 2
0 0 0 0 0 0 0 0 0 0 0 0 0 0 0 0 0 
FPGA 3
0 0 0 0 0 0 0 0 0 0 0 0 0 0 0 0 0 
FPGA 4
0 0 0 0 0 0 0 0 0 0 0 0 
Test 94
0 0 0 0 0 0 0 0 0 0 0 0 
0 0 0 0 0 0 0 0 0 0 0 0 
FPGA 1
0 0 0 0 0 0 0 0 0 0 0 0 0 0 0 0 0 0 0 0 0 0 0 0 
FPGA 2
0 0 0 0 0 0 0 0 0 0 0 0 0 0 0 0 0 
FPGA 3
0 0 0 0 0 0 0 0 0 0 0 0 0 0 0 0 0 
FPGA 4
0 0 0 0 0 0 0 0 0 0 0 0 
Test 95
0 0 0 0 0 0 0 0 0 0 0 0 
0 0 0 0 0 0 0 0 0 0 0 0 
FPGA 1
0 0 0 0 0 0 0 0 0 0 0 0 0 0 0 0 0 0 0 0 0 0 0 0 
FPGA 2
0 0 0 0 0 0 0 0 0 0 0 0 0 0 0 0 0 
FPGA 3
0 0 0 0 0 0 0 0 0 0 0 0 0 0 0 0 0 
FPGA 4
0 0 0 0 0 0 0 0 0 0 0 0 
Test 96
0 0 0 0 0 0 0 0 0 0 0 0 
0 0 0 0 0 0 0 0 0 0 0 0 
FPGA 1
0 0 0 0 0 0 0 0 0 0 0 0 0 0 0 0 0 0 0 0 0 0 0 0 
FPGA 2
0 0 0 0 0 0 0 0 0 0 0 0 0 0 0 0 0 
FPGA 3
0 0 0 0 0 0 0 0 0 0 0 0 0 0 0 0 0 
FPGA 4
0 0 0 0 0 0 0 0 0 0 0 0 
Test 97
0 0 0 0 0 0 0 0 0 0 0 0 
0 0 0 0 0 0 0 0 0 0 0 0 
FPGA 1
0 0 0 0 0 0 0 0 0 0 0 0 0 0 0 0 0 0 0 0 0 0 0 0 
FPGA 2
0 0 0 0 0 0 0 0 0 0 0 0 0 0 0 0 0 
FPGA 3
0 0 0 0 0 0 0 0 0 0 0 0 0 0 0 0 0 
FPGA 4
0 0 0 0 0 0 0 0 0 0 0 0 
Test 98
0 0 0 0 0 0 0 0 0 0 0 0 
0 0 0 0 0 0 0 0 0 0 0 0 
FPGA 1
0 0 0 0 0 0 0 0 0 0 0 0 0 0 0 0 0 0 0 0 0 0 0 0 
FPGA 2
0 0 0 0 0 0 0 0 0 0 0 0 0 0 0 0 0 
FPGA 3
0 0 0 0 0 0 0 0 0 0 0 0 0 0 0 0 0 
FPGA 4
0 0 0 0 0 0 0 0 0 0 0 0 
Test 99
0 0 0 0 0 0 0 0 0 0 0 0 
0 0 0 0 0 0 0 0 0 0 0 0 
FPGA 1
0 0 0 0 0 0 0 0 0 0 0 0 0 0 0 0 0 0 0 0 0 0 0 0 
FPGA 2
0 0 0 0 0 0 0 0 0 0 0 0 0 0 0 0 0 
FPGA 3
0 0 0 0 0 0 0 0 0 0 0 0 0 0 0 0 0 
FPGA 4
0 0 0 0 0 0 0 0 0 0 0 0 
Test 100
0 0 0 0 0 0 0 0 0 0 0 0 
0 0 0 0 0 0 0 0 0 0 0 0 
FPGA 1
0 0 0 0 0 0 0 0 0 0 0 0 0 0 0 0 0 0 0 0 0 0 0 0 
FPGA 2
0 0 0 0 0 0 0 0 0 0 0 0 0 0 0 0 0 
FPGA 3
0 0 0 0 0 0 0 0 0 0 0 0 0 0 0 0 0 
FPGA 4
0 0 0 0 0 0 0 0 0 0 0 0 
